18 0.59375 0.17421875 0.5578125 0.1328125
30 0.77578125 0.24296875 0.23125 0.0640625
18 0.73671875 0.38671875 0.3203125 0.084375
30 0.7421875 0.31484375 0.275 0.0765625
30 0.3875 0.6296875 0.15625 0.096875
1 0.2203125 0.396875 0.2328125 0.1078125
17 0.7046875 0.50234375 0.278125 0.1015625
12 0.3796875 0.84765625 0.4859375 0.1046875
26 0.73828125 0.6703125 0.278125 0.0453125
26 0.37578125 0.6984375 0.303125 0.078125
26 0.55234375 0.46796875 0.2609375 0.0609375
26 0.24453125 0.621875 0.15 0.065625
22 0.33203125 0.24453125 0.259375 0.0875