18 0.621875 0.18359375 0.55625 0.1234375
30 0.79765625 0.26796875 0.23125 0.0609375
18 0.7453125 0.4078125 0.31875 0.0796875
30 0.75703125 0.33671875 0.2734375 0.071875
30 0.37734375 0.61953125 0.1546875 0.09375
1 0.2296875 0.37265625 0.23125 0.103125
17 0.703125 0.5203125 0.2765625 0.096875
12 0.35 0.8359375 0.484375 0.0953125
26 0.72265625 0.690625 0.278125 0.040625
26 0.359375 0.68671875 0.303125 0.071875
26 0.5546875 0.47265625 0.259375 0.05625
26 0.234375 0.59921875 0.1484375 0.0625
22 0.3546875 0.23046875 0.259375 0.0828125