1 0.20625 0.40703125 0.23125 0.1125
18 0.58828125 0.1796875 0.54375 0.1421875
18 0.721875 0.38984375 0.3546875 0.0953125
30 0.73203125 0.3234375 0.2703125 0.0921875
23 0.246875 0.55625 0.2921875 0.0828125
26 0.53984375 0.47578125 0.271875 0.0671875
17 0.6890625 0.51953125 0.253125 0.0828125
26 0.734375 0.6765625 0.2890625 0.053125
26 0.37109375 0.71171875 0.3109375 0.0875
26 0.23828125 0.63515625 0.1578125 0.06875
12 0.378125 0.86171875 0.496875 0.11875
22 0.31875 0.25703125 0.265625 0.0875
30 0.76484375 0.24609375 0.234375 0.0671875