12 0.3296875 0.88125 0.5140625 0.1265625
26 0.3421875 0.72578125 0.321875 0.0859375
26 0.71953125 0.73671875 0.2953125 0.059375
26 0.54140625 0.50390625 0.2796875 0.0703125
17 0.6875 0.56796875 0.25 0.0875
18 0.7453125 0.44140625 0.3578125 0.1
18 0.2375 0.54375 0.3109375 0.0921875
1 0.21171875 0.38984375 0.2421875 0.1140625
30 0.35546875 0.65078125 0.16875 0.1109375
26 0.20859375 0.62734375 0.1671875 0.071875
18 0.634375 0.2109375 0.5796875 0.1484375
30 0.80546875 0.30546875 0.2359375 0.065625
22 0.34921875 0.2546875 0.2765625 0.096875
30 0.75859375 0.37265625 0.284375 0.090625