12 0.35703125 0.8921875 0.509375 0.090625
26 0.35859375 0.7359375 0.31875 0.0640625
26 0.73515625 0.72109375 0.29296875 0.03828125
26 0.54140625 0.50078125 0.27734375 0.05078125
17 0.69140625 0.5546875 0.24609375 0.0703125
18 0.740625 0.42421875 0.353125 0.07578125
18 0.24140625 0.56171875 0.30703125 0.07109375
1 0.2046875 0.41015625 0.2359375 0.0984375
30 0.36640625 0.66015625 0.1625 0.09921875
26 0.21796875 0.64765625 0.1640625 0.06015625
18 0.6140625 0.20234375 0.5734375 0.10859375
30 0.79140625 0.284375 0.2328125 0.05
22 0.3328125 0.265625 0.27109375 0.078125
30 0.74921875 0.3546875 0.2796875 0.071875