18 0.5828125 0.17109375 0.559375 0.1515625
30 0.7671875 0.23359375 0.2328125 0.071875
18 0.7328125 0.378125 0.321875 0.0953125
30 0.7359375 0.30703125 0.2765625 0.0859375
30 0.3921875 0.63359375 0.159375 0.1015625
1 0.21640625 0.40625 0.2359375 0.1140625
17 0.70390625 0.4953125 0.28125 0.1109375
12 0.3921875 0.8515625 0.4875 0.1203125
26 0.74375 0.6625 0.278125 0.0546875
26 0.3828125 0.70234375 0.3046875 0.0875
26 0.5515625 0.46640625 0.2625 0.0703125
26 0.2484375 0.63125 0.1515625 0.0703125
22 0.32265625 0.25078125 0.2609375 0.0953125