17 0.47890625 0.25546875 0.42890625 0.09609375
30 0.61875 0.32734375 0.171875 0.04765625
1 0.18984375 0.471875 0.18046875 0.1
18 0.5953125 0.46875 0.2734375 0.06484375
30 0.6 0.39453125 0.19375 0.078125
23 0.23125 0.62421875 0.2453125 0.090625
17 0.578125 0.60234375 0.18828125 0.075
26 0.4609375 0.55 0.20625 0.06171875
26 0.34453125 0.7984375 0.23515625 0.07890625
26 0.628125 0.771875 0.221875 0.05078125
30 0.34921875 0.72578125 0.1109375 0.10546875
12 0.34765625 0.95703125 0.40078125 0.0859375
26 0.28125 0.73203125 0.0875 0.10390625