17 0.4828125 0.25546875 0.43125 0.103125
30 0.621875 0.3296875 0.1734375 0.05
1 0.190625 0.46640625 0.1828125 0.103125
18 0.59609375 0.4703125 0.275 0.0703125
30 0.6015625 0.39609375 0.1953125 0.08125
23 0.22890625 0.61953125 0.246875 0.0953125
17 0.5765625 0.60390625 0.1890625 0.078125
26 0.46015625 0.54921875 0.2078125 0.065625
26 0.3390625 0.7953125 0.2359375 0.0828125
26 0.6234375 0.77421875 0.2234375 0.0546875
30 0.3453125 0.7234375 0.1125 0.1078125
12 0.33984375 0.95390625 0.4015625 0.0921875
26 0.27734375 0.728125 0.0890625 0.1046875