18 0.6109375 0.1796875 0.553125 0.10390625
30 0.7890625 0.2578125 0.22890625 0.05234375
18 0.7421875 0.39921875 0.3171875 0.06796875
30 0.7515625 0.328125 0.271875 0.0625
30 0.38125 0.6234375 0.15234375 0.0890625
1 0.22578125 0.38203125 0.228125 0.0953125
17 0.70390625 0.51328125 0.27421875 0.08671875
12 0.36171875 0.840625 0.48203125 0.07890625
26 0.72890625 0.6828125 0.2765625 0.03125
26 0.365625 0.69140625 0.30078125 0.06171875
26 0.55390625 0.47109375 0.25859375 0.04765625
26 0.23828125 0.60859375 0.146875 0.0578125
22 0.3453125 0.2359375 0.25625 0.0734375