1 0.21171875 0.39140625 0.228125 0.1015625
18 0.6046875 0.18515625 0.5390625 0.1140625
18 0.72734375 0.4015625 0.3515625 0.0765625
30 0.740625 0.3359375 0.2671875 0.078125
23 0.24453125 0.54296875 0.290625 0.0671875
26 0.54140625 0.478125 0.2703125 0.053125
17 0.68828125 0.5296875 0.25 0.0703125
26 0.725 0.68828125 0.2875 0.0390625
26 0.36015625 0.7046875 0.3078125 0.0703125
26 0.23203125 0.62109375 0.1546875 0.0609375
12 0.359375 0.8546875 0.49375 0.0921875
22 0.33125 0.2484375 0.2625 0.0734375
30 0.778125 0.26015625 0.2328125 0.05625