12 0.3640625 0.89453125 0.5109375 0.1
26 0.3625 0.73828125 0.3203125 0.0703125
26 0.7390625 0.7171875 0.29375 0.04375
26 0.54140625 0.5 0.278125 0.05625
17 0.6921875 0.5515625 0.246875 0.075
18 0.7390625 0.4203125 0.3546875 0.08125
18 0.2421875 0.56640625 0.3078125 0.0765625
1 0.203125 0.415625 0.2375 0.103125
30 0.36953125 0.6625 0.1640625 0.1015625
26 0.2203125 0.65234375 0.165625 0.0625
18 0.60859375 0.20078125 0.575 0.11875
30 0.7875 0.2796875 0.234375 0.0546875
22 0.32890625 0.26875 0.271875 0.0828125
30 0.746875 0.35 0.28125 0.0765625