18 0.5265625 0.15703125 0.475 0.1546875
18 0.64296875 0.38671875 0.2828125 0.096875
30 0.6484375 0.315625 0.221875 0.1015625
23 0.27734375 0.55390625 0.2421875 0.1078125
17 0.61796875 0.51953125 0.19375 0.084375
26 0.5015625 0.4765625 0.2109375 0.0671875
26 0.396875 0.71640625 0.228125 0.1046875
26 0.334375 0.65390625 0.0875 0.1015625
30 0.3984375 0.64765625 0.109375 0.103125
26 0.66328125 0.6796875 0.2203125 0.0609375
12 0.396875 0.86640625 0.3828125 0.1234375
1 0.23203125 0.40625 0.1875 0.1203125