18 0.55390625 0.19140625 0.48828125 0.11953125
18 0.67421875 0.434375 0.2703125 0.08046875
30 0.67421875 0.35546875 0.225 0.07734375
1 0.22890625 0.421875 0.18515625 0.10703125
18 0.26953125 0.58671875 0.24921875 0.07421875
17 0.62578125 0.56953125 0.196875 0.071875
26 0.378125 0.75703125 0.2359375 0.09296875
26 0.6640625 0.7453125 0.2328125 0.046875
30 0.38671875 0.68828125 0.10703125 0.1
12 0.36875 0.921875 0.39921875 0.1015625
26 0.31875 0.68984375 0.0796875 0.10078125
26 0.5078125 0.51640625 0.21796875 0.05234375